10009
10020
10056
10063
10098
10101
10106
1011
1012
10122
10123
10128
10139
10141
10150
10159
10169
10172
10175
10189
10191
10214
10227
10239
10246
10251
10254
10270
10274
1028
10283
10291
1031
10313
10329
10345
10356
10375
10377
10397
10418
10426
10434
10446
10480
10489
10496
10502
10523
1053
10561
10562
10567
10570
10577
10582
10583
10593
10606
10608
1063
10654
1068
10686
1069
10705
10720
10741
10763
10771
10787
10790
10820
10822
10823
10828
10839
10855
10862
10864
10873
10878
10880
10881
10887
10917
10926
10939
1094
10954
10956
10972
10982
10983
10986
11004
11050
11057
11061
11075
11088
11096
11108
11129
11146
11150
11151
1116
11184
1120
11205
11211
11222
11229
11237
11239
11241
11242
1125
11251
1126
11264
11275
11285
1129
11293
11294
1130
11307
11335
11344
11346
11353
11381
11397
1140
11403
11421
11438
11486
11493
11522
11529
11535
11536
11555
11570
11576
11592
11600
11602
11620
11621
11623
11625
11640
11642
1166
117
11716
1172
11722
11731
11761
11802
11815
11840
11864
11869
11877
11893
1191
11916
11935
11988
11993
12000
12001
12004
12007
12008
12018
12044
12047
12074
12091
12094
12113
1216
12167
12182
12198
12229
12244
12253
12254
12256
12260
12308
1232
12333
12339
12342
12376
12397
12398
12405
12420
12422
12435
12455
12467
12474
12497
12503
12516
1252
12529
12542
12552
12567
12579
12596
12601
12604
12605
12612
12614
1263
12636
12643
12654
12661
12675
12679
12686
12704
12728
1277
12787
12799
12803
12816
12822
12825
12837
1284
12842
12847
12858
12883
12884
12886
12887
12893
12901
12903
12914
12916
12957
12968
12981
12982
12989
12993
13
1300
13006
1301
13012
13030
13041
13044
13054
13058
13059
13068
1307
13073
13083
13098
13100
13101
13119
13134
13143
13163
13195
13225
13236
13247
13266
13274
133
1330
13306
13309
13320
13322
13341
13349
13364
13365
13367
13368
13384
13423
13426
13430
13432
13435
13441
13446
13456
13457
13471
13497
13502
13518
13527
13529
13535
13566
13567
13571
13598
13627
13634
1365
13674
13687
13701
13702
13703
13717
13735
1374
13748
13754
13765
1378
13782
13792
138
13802
13812
13818
13819
13845
13864
13868
13869
13870
13911
13915
13917
13919
13931
13941
13942
1395
13952
13960
13962
13963
1398
13981
13987
13990
14002
14006
14008
14012
14024
14025
14027
14031
1404
14047
1406
14064
14086
14091
14092
14126
14135
14138
14143
14145
14146
14154
14167
14179
14210
14211
14214
14215
14235
14240
14241
143
1431
1433
14331
14344
14346
14356
14359
14369
14391
14397
14407
14420
14428
14430
14431
14459
14460
14472
14484
14551
14553
14558
14578
14588
14614
14623
14625
14637
14647
14663
14671
14679
1468
14680
14686
14688
1469
14699
14703
14710
14724
14777
14786
148
14819
14823
1484
14846
14872
14881
14886
14887
14901
14904
14957
14966
14993
14999
15000
15022
15025
15033
15041
15058
15065
1507
15091
1510
15106
15134
15155
15158
15159
15179
15191
15195
1522
15220
15224
15237
15274
1528
15285
15287
15305
15310
15313
15325
15332
15342
15366
15368
15370
15375
15392
1541
15420
15423
15429
15436
15449
1545
15458
15461
15483
15489
15495
15496
15497
15503
15513
15520
15527
1554
1556
15568
1557
15570
15574
15577
1559
15610
15613
15628
15641
15642
15645
15655
1567
15698
15704
15705
15709
15713
15766
15773
15777
15778
15779
15783
15794
15796
1584
15860
15889
15905
15906
15910
15932
15943
15974
15987
15991
16027
16041
16048
16065
16083
16091
16102
16120
16135
16137
1616
1618
16184
16188
16207
16211
16243
16275
16279
16287
16299
16305
16337
16339
16360
16373
16379
16392
16394
16395
16397
16400
1642
16424
16432
16433
16440
16446
16484
16489
16494
16495
165
16534
16535
16549
16570
16584
16590
16611
16617
1663
16682
16686
16705
16708
16720
16721
16766
16790
16813
16814
16826
16840
16842
16843
16870
16878
16908
16916
16921
16934
16940
16961
16982
16984
16994
16999
1700
17010
17057
17097
17103
17108
17111
1714
17140
17164
17213
17251
17256
17257
17276
1729
17291
17292
17315
17326
17330
17336
17359
17363
17370
17389
17405
17411
17417
1742
17434
1747
17482
17483
17488
1752
1756
17563
17573
17577
17582
17589
17607
17622
17638
17651
17655
17671
17672
17681
17688
17691
17694
17697
17707
17712
17721
17722
17736
1774
17762
17778
17779
17805
17806
17814
17854
17860
17876
17879
17881
17892
17897
17898
17912
1792
17924
1794
17947
17953
17958
17968
17971
17985
17987
17996
18019
18024
18028
18029
18042
18044
18045
18050
18071
18073
18096
181
18124
18130
18160
18162
18166
18192
18197
182
18203
18211
18213
18224
18241
18266
18281
18283
18297
18319
18326
18328
18331
18334
18347
18387
1839
18390
18397
18405
18407
18408
18427
18433
18447
1849
18503
18504
18506
18507
18509
18513
18529
18532
18536
18554
18561
18569
18581
18588
18589
18591
18605
18606
18610
18622
18639
18660
18661
18667
18678
18714
18716
18717
18719
18720
18727
18733
18738
1875
18772
18783
18798
18799
18805
18828
1883
18830
18831
18839
18888
18889
1891
18925
18935
18976
18985
18996
19000
19006
19014
19023
19058
19092
19094
19103
19104
19105
19131
19145
19156
19209
19211
19264
1927
19277
19285
1929
193
19303
19325
19339
19342
1935
19352
19357
1937
19398
19400
19415
19429
19451
19452
19460
19471
19480
19485
1949
19497
19499
19518
19529
19552
19554
19566
19608
19630
19643
19659
1967
19675
19685
19691
19708
19711
19713
19715
1973
19733
19747
19764
19766
1978
19784
19790
198
19801
19840
19858
19862
19866
19871
19882
19917
19944
19947
19950
19953
19973
19986
2
20003
20012
20015
20016
20018
20020
20021
20027
20038
20047
20057
20058
20084
20099
20124
20134
20174
20194
20196
20227
20229
20243
20252
20259
20298
20321
20340
20351
20361
20362
20371
204
20403
20447
20474
20491
20494
20501
20504
2054
20566
20600
20602
20605
2062
20637
20642
2066
20662
20683
20717
20721
20737
20774
20781
20796
20819
20831
20863
20881
20889
2089
20893
20902
20903
20906
20910
20911
20914
20933
20942
20946
20949
20968
20974
20982
21003
21004
21005
21032
2105
21051
21055
2108
21088
2109
21090
21094
21108
21121
21126
21144
21161
21181
2121
21211
21213
21216
2122
21246
21248
2126
21261
21267
21290
21294
21296
21302
21313
21330
21341
21349
21356
21361
2137
21370
21371
21378
21392
21403
21419
21427
21428
21434
21442
21444
21456
21473
21476
21499
21506
21507
21508
21524
21525
21529
21541
21546
21558
21574
21588
21598
216
2161
21617
21651
21657
21664
21671
2168
21683
21687
21699
2170
21723
21727
21732
21745
21763
21766
21774
2182
21820
21840
21841
2185
21860
21863
21882
21919
21959
21960
21964
21973
21980
22003
22006
22033
22037
22060
22064
22067
22069
22072
22075
2208
22153
22180
22183
22194
22207
22208
22212
22219
22234
22268
22284
22286
22297
22305
2231
22312
22326
22372
22408
22409
22415
22421
22426
22428
22430
22433
22436
22443
22445
22455
22462
22497
22515
22523
22541
22545
22566
2257
22576
22578
22591
22599
22625
22644
22647
22660
22673
22682
22683
22688
22697
22716
2272
2273
22741
22779
22796
22824
22904
22913
22921
22974
22975
2298
22980
23
23006
23019
23020
23051
23055
23057
23060
23068
23088
23094
23120
23131
23136
23149
2315
23170
23192
23196
23198
23199
23204
23248
23249
23260
23264
23272
23313
23320
23353
23362
23384
23385
23389
2341
23421
23430
2347
23475
2352
23534
23539
23566
23569
2357
23574
23594
23622
23625
23630
23632
23646
23648
2366
23686
2369
23725
23726
23731
23738
23742
23752
23757
2376
23762
23766
2377
23791
23832
23836
23840
23842
23858
23862
23863
23865
23934
23962
23964
23971
23978
23985
23989
23991
23997
24008
24019
24025
24065
24081
24133
24138
24143
24153
24165
24178
24190
24197
24205
24228
24238
2424
24253
24258
24268
24281
24284
2430
24317
24330
24334
24335
24346
24348
24352
24357
24362
24364
24371
24414
24425
24431
24445
24448
24470
24480
245
24513
24514
24520
2453
24533
24535
2454
24550
2456
24567
24575
24583
24597
24611
24658
24661
24676
2468
24688
24730
24734
24735
24747
24755
24761
24764
24796
24822
24839
24844
24847
24865
24871
24872
24893
24922
24928
24931
24945
24953
24993
25012
25020
25021
25027
25044
25045
25058
25067
25086
25091
25122
25125
25139
25162
25192
2521
25217
25220
25226
25229
25234
25253
25257
25260
25266
25267
25273
25279
25281
25287
25296
25302
25315
25333
25336
25343
25363
25392
25397
2540
25404
25418
25421
25424
25434
25438
25439
25451
25458
25489
25503
2551
25510
2554
25555
25578
25579
25588
25589
25591
25592
25594
2560
25606
25624
25625
25632
2564
25641
25647
25651
2567
25671
25673
25676
25679
2569
25701
25722
25724
25737
25773
25777
25778
25792
25806
25815
25823
25828
25839
25844
25861
25866
25867
25883
25886
25897
25907
2591
25942
25946
25959
2598
25988
25991
25995
25998
25999
26020
26030
2604
26042
26065
26066
26112
26120
26127
26137
26147
26149
26151
26152
26155
26158
26166
26176
26203
26206
26212
2623
26234
2624
26242
26243
26245
26248
26258
26262
26278
2628
26310
26325
26329
26331
26338
26349
26350
26356
26361
26367
26373
2638
26387
26390
26401
26407
2643
26445
26446
26452
26468
26480
26490
26491
26497
26515
26517
26520
26535
26538
26563
26568
26573
26575
26582
26586
2661
26615
26628
26644
26658
2666
26672
26682
26702
26703
2671
26710
26715
26724
26739
26756
2676
26766
26768
26789
26819
26835
2686
26864
26865
26867
26892
26896
269
26900
26912
26915
26917
26919
26934
26940
26942
26954
26987
26992
27009
27040
27044
27051
2706
27076
27077
27083
27090
27092
27094
27097
27111
27121
27124
27125
27136
27162
27168
2717
27174
27179
27197
27202
27228
27229
27234
27237
27240
27241
27263
27273
27278
27314
27325
27354
2736
27364
27371
2738
27395
27412
27424
27431
27441
27473
27485
27500
27505
27509
27510
27512
27520
27524
2753
27563
27591
27609
27622
27642
27645
27663
27674
27722
27744
27745
27752
2777
27772
27801
2784
27850
27865
27866
27875
27889
27892
27903
27904
27917
27930
2794
27956
27958
2797
27975
27985
27986
27989
2799
28006
28009
28017
28032
28039
28040
28059
28073
28075
28112
28116
2812
28120
28134
28159
28172
28184
28186
28193
28195
28197
28218
28219
28228
28229
2823
28230
28233
28256
28271
2829
28315
28320
28322
28327
28337
28351
28356
28390
28391
2840
28404
28406
28410
28421
2844
28461
28469
28470
28510
28525
28530
28539
28572
28592
28601
28608
28614
28615
28617
28631
28635
28638
28651
28661
2869
28700
28701
28702
28724
2873
2875
28763
28764
28772
28808
28813
28819
28834
28894
28927
28931
28935
28951
28960
28973
28979
28988
29002
29008
29015
29024
2903
29030
29033
29071
29081
29082
29088
29098
29102
29107
29112
29127
2915
29157
29175
29178
29196
29202
29217
29231
29237
29251
29255
29273
29282
29289
2929
29294
29297
29305
29313
29318
29322
29324
29332
29347
29350
29362
29363
29385
29389
29390
29400
29405
29411
2942
29439
29448
29456
29491
29503
29507
29508
29510
2952
29532
29548
29550
29551
29580
29581
29593
29594
29597
29618
29619
2963
29640
29648
29649
29669
29692
29697
2971
29714
29785
29797
29805
2981
29810
29812
2982
29836
29849
29859
29860
29863
29867
29871
29877
29886
29900
29903
29908
29919
29926
29943
29949
29953
29976
29987
29988
29998
30029
30077
3008
30087
30122
30123
30128
3013
30141
30144
3015
30154
30162
30163
30178
30196
30205
30219
3022
3027
30271
30278
30290
3030
30328
30363
30388
30407
30433
30437
30445
30447
30464
3047
30470
30478
3048
30493
30495
30498
30500
30502
30508
30510
30511
30518
30522
30523
30533
30536
30538
30543
30555
30588
30629
30637
30638
30645
30682
30699
307
3070
30702
30713
30729
30746
30766
30781
30782
30784
30790
30809
30828
30838
30846
30863
30874
30882
30890
309
30915
30920
30922
30949
30953
30977
30983
30999
31005
31007
31016
31070
31077
31082
31104
31107
31139
31153
31158
31164
31213
31229
31236
31241
31245
31249
31252
31258
31262
3129
31299
31311
31313
31317
31321
31334
31335
31336
31371
31372
31401
31421
31422
31423
31445
31453
31483
31485
31492
31493
31502
31507
31516
31524
31530
31541
31583
31594
31602
31613
31626
31634
31641
31643
31652
31665
31666
31671
31690
31696
31698
3170
31714
31728
31732
3174
31749
31753
31755
31756
31765
31778
31779
3178
31782
31784
31799
31801
31812
31816
31826
31840
31884
31887
319
31908
31909
31912
31915
31931
31960
3199
31990
31998
32003
32021
3204
32054
32058
32067
32092
32097
321
32115
32135
32159
32162
32171
32181
32202
32208
3221
32223
32229
32239
32241
32259
3227
32275
32277
32290
32294
32311
32314
32320
32325
32328
3233
32333
32355
32356
32358
3236
32387
32389
32399
32406
32478
32493
32494
32499
32502
32521
32530
32542
32551
32565
32566
32569
32571
32578
32592
32600
32635
3264
32646
3265
32669
32691
32709
32717
32719
32729
32733
32743
32764
32773
32797
32805
32807
32825
32834
3284
32859
32862
32871
32874
32882
3290
32920
32936
32938
32942
32954
32957
32960
32962
32990
32994
33002
33013
33024
33029
33072
33075
33089
33102
33105
33106
33132
33133
33143
33148
33160
33161
33162
33175
33187
33188
3319
33195
33199
33204
3321
33225
33237
33240
33241
3325
33251
33288
33325
33351
33380
33381
33407
33414
3342
33420
33424
33438
3344
33477
33480
33490
33499
33508
33515
33520
33533
33537
33565
33584
33586
3360
3363
33634
33635
33687
33697
33700
33707
33714
33715
33717
33752
33768
33783
33786
33807
3381
33810
33871
33880
33902
33906
33908
3391
33912
33913
33930
33935
33937
33946
33969
3397
33970
33973
33981
33987
3401
34048
34052
34063
3408
34081
34083
34085
34091
34096
3411
34111
34118
34119
34126
34129
3415
34176
34194
34195
34197
34200
34214
34228
34251
34286
34302
34312
34327
34336
34347
34363
34413
34426
34441
34442
34444
3447
3448
34480
34485
34486
34501
34517
3452
34520
34522
34525
34534
34546
34547
34548
34553
34561
34562
3457
34571
34595
34605
34626
3464
3465
34665
34680
34696
34697
34711
34726
34729
34771
34779
34782
34786
3480
34818
34838
34851
34867
34881
349
34919
3492
34930
34941
34973
34974
34978
34983
34992
34999
35
35010
35022
35033
35059
35075
3508
35089
3509
35155
35157
35161
35175
3519
35198
35205
35211
35221
35223
35229
35246
35250
35276
35292
35304
35346
35374
35375
35402
35404
35408
35419
35422
35449
3545
35456
35492
355
35507
35522
35530
35542
35548
35551
35560
35574
35580
35587
35592
35603
35606
35646
35648
35651
35653
35655
35693
35708
35726
35747
35758
35769
35792
35812
35824
35826
35827
35834
35841
35850
35857
35861
35874
35877
35879
35881
3589
35899
35905
35934
35945
3595
35954
35958
35984
35988
35996
36
36005
36006
36014
36046
36049
3605
36060
36065
36082
36091
361
36118
36138
36139
36140
36150
36167
36185
36194
36204
36213
36240
36272
36273
36287
3629
36302
36319
36321
36324
36325
3634
36342
36362
36368
3637
36371
36383
36393
364
36401
36404
36412
36430
36449
36452
36454
36455
36459
36465
36466
36470
36476
36477
3648
36517
36521
36539
36541
36546
36549
36550
36592
36594
36598
36599
36600
36619
3662
36651
36665
3668
36685
36686
36719
36720
36724
36748
36756
36786
36799
36800
36810
36836
36851
36853
36856
36857
36865
36902
36904
36909
36912
36916
36930
36939
36945
36966
36971
36975
37016
37028
37030
37034
37038
37040
37043
37046
3706
37062
37078
37085
37090
37104
37124
37125
37134
37145
37159
37166
3717
37172
37182
3720
3721
37212
37231
37237
37242
37270
37271
37281
37285
37303
37304
3732
37328
37331
37349
37368
37378
37406
37422
37426
37433
37446
37460
37468
3747
37500
37511
37527
37540
3756
3758
37585
37595
37635
37654
37678
37727
37728
37732
37734
37747
37758
3777
37789
37804
37815
37816
37836
37862
37870
3788
37902
3791
37910
3792
37987
37988
37992
38012
38022
38030
38052
38053
38054
38061
38062
38063
38078
38079
38085
38098
38108
38111
38114
38129
38135
38138
38142
38143
3815
38157
38167
38170
38171
38175
38177
38189
38199
38212
38244
38246
38254
38257
38266
38273
38304
38334
38365
38371
3838
38395
38416
38458
38467
38480
38485
38486
38518
3853
38560
38571
38572
38587
38594
38609
38646
38708
38710
38711
38730
38731
38741
38746
38747
38756
38760
38764
38778
3879
38790
38804
38816
38824
38832
38836
38851
38872
38875
38876
38884
38886
38912
38982
38990
38995
39
39003
39010
39016
39020
39032
39047
39049
39052
39068
39089
39091
39092
3910
39118
3913
3914
39156
39162
39166
39182
39219
39224
39236
39245
39248
39259
39270
39271
39283
39295
39315
39324
3933
39338
39361
39371
39375
39380
39382
39390
394
39401
39404
3942
3947
39470
39475
39482
39485
39493
39498
39519
39533
39535
39561
39565
39567
39584
39586
39591
39607
39610
39625
39628
39633
3966
39660
39663
39666
39681
39685
39689
39704
3972
39727
39762
39785
39812
39839
39868
39879
39899
39900
39920
39925
39950
39951
3997
3998
39993
400
40004
40008
4001
40022
40023
40041
40043
40064
40078
40081
40087
40095
40100
40101
40111
40121
40144
40159
40162
40168
40170
40179
40189
40192
40198
4021
4027
40278
40298
40308
40317
40320
40333
40339
4036
40375
40386
40402
40410
40416
40418
40428
40429
40452
40458
40461
40479
40486
40491
40496
40506
40508
40510
40522
40523
40540
40562
40572
40578
40587
40588
4059
40609
40617
40621
40625
40652
40705
40713
40722
40736
40739
40765
40789
40799
40808
40817
40821
40829
40839
40872
40876
40879
40884
40890
40897
40898
40900
40922
40924
40935
40952
4096
40965
40980
4099
40995
40998
41002
41008
41011
41048
41052
41058
41063
41067
4107
41091
41097
41129
41133
41137
41139
41141
4115
41154
41163
41179
41185
41193
41240
41251
41257
41268
41274
41277
41317
41321
41328
4134
41346
41368
41372
41399
41400
41410
41412
41415
41417
41434
41438
41460
41462
41464
41469
415
4151
41513
4152
41523
41539
41541
41560
41562
41564
41568
41576
41585
41605
4161
41621
41624
41647
41650
41653
41679
41687
41706
41716
41740
41741
41747
41758
41761
41768
41771
41775
41835
41849
41857
41858
41862
41864
41865
41873
41875
41889
41895
419
41918
41921
41938
41940
41959
41961
41962
41963
41976
41979
41980
41988
41996
42008
42016
42026
42040
42060
42061
42087
42088
421
4210
42102
42108
42118
42124
42125
42127
42129
42136
42154
42162
42176
42180
4220
42207
42208
42209
42210
42219
42223
4224
42260
42265
4227
42276
42282
42293
42319
4232
42322
42324
42332
42341
42372
4238
42381
42399
42416
42424
42493
425
42501
42515
42522
4254
42555
4256
42564
42567
4257
42584
42593
42643
42647
42660
42661
42662
42664
4270
42709
4271
42711
42720
42763
42786
4279
428
4280
42804
42818
42829
42848
42853
42857
42871
42877
42881
42883
42889
42891
42899
42905
42912
42951
42976
42979
4300
43004
43013
43022
43033
43056
43058
43061
43064
43067
4307
43074
43076
43105
43112
4313
43134
43136
4317
43172
43186
43200
43204
43224
4323
43248
43305
43326
43339
43341
43352
4336
43375
4338
43380
43387
43393
4342
43421
43438
43440
43450
43475
43477
43479
4348
43510
43541
43547
43555
43560
43562
43598
43600
43601
43622
43642
43649
43683
4369
43694
43723
43726
43728
4374
43752
43754
43758
43764
43766
43773
43778
43789
43792
43810
43817
43821
43822
43833
43852
43856
43869
43877
4388
43881
43882
43886
43902
43903
43929
4393
43930
43942
43966
43970
43992
43998
44003
44027
44039
44043
44055
44056
4406
44062
44063
4407
44081
44108
4411
44125
44131
44144
44148
44151
4417
44170
44171
44186
44194
442
44201
44202
44231
44235
44238
44244
44246
44250
44295
44300
44327
44351
44354
44355
44361
44375
44376
44403
4442
44427
44437
44439
44448
44451
44480
44528
4453
44539
44547
44549
44563
44565
44566
44581
44600
44607
44610
44617
44655
44657
44675
44678
44680
44681
44688
44689
44697
44708
44709
44718
44751
44758
44768
4477
44804
4481
44820
44827
44829
44883
44887
44916
44936
44957
4496
44961
44966
44969
44980
44983
44992
45009
45041
45042
45046
4505
45050
45052
45061
45080
45087
45092
45101
45102
4515
45154
45187
45197
4520
45213
45247
45248
45250
45259
45287
45290
45302
45309
45330
45354
45367
45378
4539
45400
4541
45417
45430
45433
45438
45482
45488
45495
45499
45517
45522
45526
45535
4554
45542
45543
45546
45564
45565
45573
45586
45596
45598
4560
45626
45641
45645
45650
45652
45657
45665
45684
45735
45754
45767
4577
45770
45776
45778
45793
45805
45813
45815
45835
45846
45848
45852
45855
45867
45869
45873
45887
45901
45903
45936
45939
45948
45966
45969
45973
4598
45991
46004
46007
46017
46069
4607
46070
46096
46116
46120
46127
46128
46138
46148
46160
46163
46180
4620
46201
46204
46208
46211
46232
46239
46252
46257
46266
46278
46292
46295
46305
46324
46333
46341
46346
46351
46353
4636
46360
46371
4639
46415
46423
46428
4643
46453
46459
46462
46472
46473
46491
46495
46502
46506
46538
46571
4658
46591
46601
46620
46630
46633
46674
46678
46697
46698
46711
46716
46718
4672
46721
46728
46729
46738
46746
46751
46785
4681
46818
46838
46861
46874
46878
4688
46891
46897
469
46904
46905
46917
46937
4694
46944
46949
46959
46960
46969
46979
4698
46989
46990
46994
47022
47026
47027
47029
47071
47074
47087
47089
4710
47114
47120
47124
47130
47131
47144
47156
47168
47171
47186
47190
47192
47195
47196
47229
47234
47235
47240
47252
47259
47273
47278
47280
47291
47292
47301
47303
47304
4731
47313
47314
47316
47317
47318
47323
4736
47375
47413
47415
47419
47432
4744
47444
47457
47467
47484
47511
47532
47547
47548
4755
47556
47557
47572
47575
47579
47591
47600
47601
47605
47611
47637
47639
47641
47647
47671
47682
47695
47715
47720
47724
47738
47768
47782
47783
47785
47787
478
4780
47815
47840
47846
4785
47852
47874
47891
47899
4790
47907
47908
47909
47948
47953
47974
47979
47989
47993
47995
480
48001
48010
48011
48019
48033
48070
4809
48096
48103
48123
48126
48135
4814
48146
48162
48163
48172
48184
48189
48194
48200
48209
48218
48258
4827
48292
48294
48307
48309
48338
48356
48370
48382
48392
48394
48397
48399
4840
48406
48410
48413
48424
4843
48435
48456
48468
48482
4849
48504
48506
48515
4852
48540
48541
48544
48562
48565
48578
4858
48585
48586
4860
48622
4863
48640
48646
48651
4867
48735
48738
48750
48751
48757
48791
48796
4881
48819
4882
48835
48851
48857
4886
48866
48869
4888
48887
4889
4890
48901
48932
48944
48961
48965
48976
48994
4900
49013
4902
49063
49073
49080
49100
49124
49127
49141
49152
49157
49165
49166
4917
49174
49176
4918
49185
49190
49207
49210
4924
49248
49257
49284
49309
49312
49321
49324
49342
49372
49382
49384
49401
49402
4942
4943
49443
4945
49455
49474
49478
49483
49490
49501
4951
49536
49537
49547
49566
49575
49586
49591
49602
49607
49631
49634
4964
49668
49687
49699
49702
49704
49747
49752
49760
49763
49806
49825
49829
49843
49852
4986
49894
49901
49902
49915
49924
49932
49945
49947
49969
4997
49983
49984
4999
49994
49997
50051
50054
50055
50062
50069
50075
50085
50090
50116
50117
50140
50159
50161
50191
502
50212
50214
50235
50248
50272
50323
50329
50332
50339
50345
50350
50361
50374
50378
5038
50385
50386
50393
50431
50442
5045
50453
50472
50473
50487
50488
505
50505
5051
50510
50523
50524
50538
50547
50585
50614
50625
50648
5066
50701
50714
50716
50732
50739
50756
50759
50796
5080
5081
50818
50828
50830
50849
50893
50914
50924
50925
50937
50946
5095
50951
51001
51031
51033
51050
51055
51071
51076
5109
51111
51115
51123
51128
5113
51130
51142
51144
51160
51167
5117
51178
51180
51183
51202
51212
51239
51248
51256
51258
51275
51278
51284
51290
51306
51325
51333
51335
51366
51373
51383
51384
51389
514
5142
51434
51448
51469
5147
51474
51479
51486
51492
51500
51507
5151
51517
51519
51528
51529
51539
51545
51551
51554
51556
51564
51572
51583
51584
51590
5161
51610
51624
5163
51631
51633
51669
51709
51717
51718
51734
51742
51744
51753
51776
51780
51790
51802
51809
51813
51816
51818
51829
51830
51843
51859
51875
51886
51892
51893
51896
51899
51908
51937
51947
51954
51955
51985
51997
5200
52008
5201
52013
5202
52020
52047
52051
52052
52059
52065
52075
52080
52096
52104
52118
52127
52128
52142
52145
52161
52166
52168
52171
52172
52194
52207
52211
52214
52240
52252
52253
52255
52271
52281
52286
52290
52294
52304
52333
52335
52339
52341
52358
52365
52429
52432
52445
52461
52462
52463
52472
52491
52497
52509
52511
52519
52534
52563
5257
5262
52640
52646
52657
52658
52662
52667
52682
52692
527
5275
52773
52777
52784
52795
52818
5282
52821
52842
52843
52858
52862
52872
52875
52879
5288
52885
52893
52894
52899
52910
52950
52956
5296
52962
52972
52974
52988
52993
52998
53003
53027
53038
5304
53059
5306
53074
53079
53081
53089
53107
53117
53121
53124
53127
5313
53134
53139
53145
53149
53154
53159
53176
53182
53194
53199
53201
53202
53214
53220
53247
53248
5326
53268
53278
53279
53284
533
53304
53311
5332
53326
53342
5335
5338
53388
53402
53410
53418
53421
53434
53447
5345
53459
53468
5349
53491
53500
53540
53543
53551
53607
5363
53642
53661
53677
53709
53721
53746
53755
53757
53759
53765
53770
53772
53775
53790
53794
53796
53800
53840
5394
53944
53947
540
54008
5401
54013
54022
54035
54036
54039
54043
54045
54049
54085
54091
54093
54115
54120
54130
54165
54180
5419
54197
54199
542
5424
54251
54267
54271
54302
54312
54328
54339
54378
54381
54387
54397
54411
54468
54474
54477
54481
54487
54490
54525
54528
54530
54531
54532
54535
54537
54551
54584
54599
54607
54608
5461
5463
54644
54663
5468
54682
5470
54700
54739
54740
54749
54774
5478
54792
5482
54844
54849
54864
54869
54874
54877
54901
54910
54912
54930
54934
54944
5496
54963
54967
54982
54997
550
55006
55007
5501
55021
55027
5503
55055
55073
55083
55095
55096
55099
5512
55125
55149
55167
55200
55206
55214
55217
55233
55236
55237
55241
55246
55277
55287
55300
55305
55314
55320
5536
55362
554
55401
55403
55432
55437
55449
55463
55469
55502
55520
55547
55562
55574
55619
55629
5563
55631
55632
55640
5568
55694
55700
55701
55730
55742
5576
55777
55788
55792
55793
55804
55813
55829
55838
5584
55865
55869
55878
55904
55926
55936
55941
55943
55950
55960
55980
55983
55994
55998
56
5600
56010
56041
56052
56054
56057
5606
56067
56090
56113
56126
56146
56174
56176
562
56221
56226
56238
56245
56247
56248
56260
56263
56265
56272
56294
56316
56320
56321
56348
56349
56350
56353
56374
56389
5640
56411
56421
56437
56455
56477
56510
56537
56564
56576
56587
56593
56594
56605
56617
56621
56635
56645
56649
56651
56661
56699
56708
56711
56716
5672
56725
56737
56738
56741
56763
56770
56782
5679
56796
56813
5682
56855
56879
56886
56895
56915
56922
56933
56959
5696
56975
56983
56997
57006
57018
57031
57037
57045
57046
57064
57085
57098
571
57102
57105
57120
57123
57132
57137
57142
5715
57153
57154
57156
5716
57161
57168
57198
57220
57237
57241
57258
57278
5728
57280
5730
57309
57359
57363
57389
57398
57404
57405
57426
57437
57488
5749
57504
57505
57509
57510
57515
57520
57526
57562
57571
57591
57605
57607
57608
5767
57695
57696
57698
57702
57710
57720
57734
57750
57768
57771
57778
5783
57843
57899
57902
57920
57925
57926
57933
57976
57995
58000
58006
58008
58021
58030
58031
58060
58061
58064
58067
58095
58109
58114
58127
5813
58136
58154
58160
58176
58180
58184
58189
58194
582
58207
5822
58223
58237
58238
5824
58247
58248
58250
58257
5826
58264
58281
58286
58303
58331
5836
58362
58380
5841
58416
58420
58436
58440
58461
58465
58475
58482
58493
58498
585
58503
58520
58531
58534
58541
58553
58569
5857
5858
5859
58604
58616
5862
58636
58646
58660
58663
58672
58681
5869
58709
58710
58718
58719
58749
58753
58754
58775
58816
58824
58828
58835
58841
58853
5886
58860
58861
58878
58900
5892
58928
58978
58984
59013
59031
5906
59065
59076
59096
59114
59132
59134
59138
59155
59164
59183
59197
59218
59223
59240
59249
59252
59271
59289
59295
59301
5931
59316
59327
5933
59332
59347
59350
59366
59377
5938
59383
59417
59418
59421
59444
5946
59471
59476
59506
59515
59528
59538
59553
59557
59577
5958
59623
59658
59662
59670
59678
59682
59697
5970
59700
59732
59745
59769
59777
59783
59788
59794
59798
59799
59813
59815
5982
59820
59830
59832
59858
59866
59877
59904
5992
59926
59937
59946
59948
59956
59957
59960
59965
5997
59977
59978
59979
5998
59980
59982
60
60029
60047
60054
60075
60076
60079
6008
60094
60095
60099
6011
60142
60153
6017
60172
60181
60182
60205
60209
60220
60241
60251
60258
6026
60268
60285
60288
60307
6033
60352
60363
60364
60373
60374
60380
60396
60406
60408
60414
60415
60423
60431
6045
60477
60478
60484
60494
60497
60514
60515
60522
60529
6055
60569
6057
60572
60583
60598
60636
60637
60642
60655
60678
60702
60704
6071
60710
60727
60746
60748
6075
60757
60784
60789
60801
6081
60811
60850
60917
60928
60943
60955
6096
61011
61033
61035
61039
61070
61102
61125
61130
61131
61133
61135
61152
61157
61173
61176
61186
61216
61221
61231
61238
61240
61241
61257
61262
61275
61276
61313
61322
61327
6133
61383
61386
61387
61396
6140
61411
61429
61448
61461
61495
615
61503
61508
61511
61517
61523
61524
61525
61546
61555
61558
61559
61576
61581
61592
61598
61600
61602
61606
61642
61643
6165
61653
61657
61672
61678
617
61747
61752
61754
61756
61760
61781
61811
61820
61825
61826
6184
61841
61847
61849
61873
61874
61883
61891
61901
61923
6195
61956
61958
61960
61979
61989
61993
62
62005
62011
62018
62019
62025
6203
62036
62043
62052
62057
62071
62082
62093
62094
62100
62105
6212
62124
62136
6214
62157
62161
62167
6218
62185
62199
62210
62217
62225
62231
62236
62247
62269
62282
62289
62307
62320
62322
62348
6235
62371
62373
62376
62406
62411
62428
62430
62440
62449
62457
62464
62498
62516
6252
62523
62526
62530
62534
62540
62543
62565
62588
62596
62599
62627
62636
62641
62656
62670
62713
62720
62725
62728
62770
62778
6278
62790
62799
6280
62803
62806
62810
62818
62828
62839
62845
62847
6286
62870
6288
62889
62896
62920
62924
62933
62938
62953
62965
6297
62974
62981
62983
63033
63045
63046
63047
63056
63065
63083
63084
63086
63094
63102
63116
63120
63140
63144
63155
6316
63182
63183
6319
63196
63201
63235
63254
63266
63276
633
63327
63393
63398
634
63436
6346
63467
63479
63511
63513
6352
63525
63542
63551
63562
6357
63575
63576
63581
63583
63592
63603
63626
63645
63650
63659
6366
63674
63681
63698
63702
63721
63743
63771
63786
63799
638
63805
63809
63839
63840
63856
63857
63860
63879
63882
63913
63915
63917
6393
63941
63971
63992
63993
63994
640
6400
64014
64016
64019
64025
6404
64040
64047
6405
64069
64086
641
64109
64120
64121
64126
64128
64136
64143
64153
64154
64170
64190
64195
64208
64209
64215
64223
64226
64240
64248
6425
64295
64298
64304
64307
64334
64352
64371
64398
64400
64408
64409
6444
64450
64463
64467
64486
64488
64495
64499
645
64513
64541
64542
64550
64554
64564
64569
64601
64602
64606
64626
6467
64670
64678
64687
64719
6474
64750
64752
64759
64771
64773
64774
64776
64792
648
64810
64824
64831
64834
64842
64860
64861
64862
64871
64876
64883
64901
64912
64926
64937
64943
64955
64957
64985
65004
65016
65017
65028
65046
65050
65052
65062
65065
65067
65075
65079
65090
65096
65114
65124
65126
65129
65138
65142
65166
65179
65185
65191
65237
65242
65243
65245
65268
65285
65298
653
65305
6531
65337
65352
65357
65366
65367
65377
65380
65388
65397
65414
65416
65419
65420
65423
65427
65450
65455
65456
65462
65465
65478
65488
65514
65521
65531
65575
65591
65599
656
6560
65600
65604
65612
65615
65625
65640
65659
6566
6567
65681
65690
65708
65709
6571
65717
65729
65736
65749
65760
65768
65776
65779
65785
65806
65814
65815
65821
65823
65840
65857
65858
65869
65880
65901
65908
65912
65930
6595
65950
65951
65953
65965
65970
65983
6599
65992
66010
66019
66028
66042
66044
66046
66055
66056
66089
66096
66106
66109
66117
66118
66122
66123
66140
66152
66155
66168
6619
662
66205
66218
66227
66251
66266
66284
66288
66302
66315
66317
66330
66334
66347
6635
66357
66368
66369
66398
66400
66414
66415
66442
66449
66479
66482
66492
66493
66519
6652
66523
66524
66529
66543
66549
66555
66589
66627
66645
66664
66673
66687
66715
6673
66741
66772
66780
66785
66790
66806
66832
66834
66835
66847
6688
66884
66913
66915
66922
66927
66958
6696
66965
66988
67011
67023
67033
67042
67043
67148
67166
67171
6719
67192
67203
67207
67215
67217
67219
67226
67232
67237
67245
67262
67275
67280
67313
67315
67316
67343
67356
67359
67365
6737
67372
67396
6740
67401
67412
67420
67426
67450
67469
67476
67484
67491
6750
67506
67543
6756
67568
67586
67594
676
67615
6764
67656
67664
67665
67670
67682
6769
67699
67702
67704
67747
67761
67763
67768
6779
67791
67797
67798
67800
67809
67810
67820
67828
67837
67848
67880
67889
6789
67892
67920
67929
67932
67946
67953
67961
67971
67989
67994
67997
68014
68027
68030
68031
68043
68054
68060
681
68109
68116
68154
68180
68190
68209
68228
68231
6824
68241
68248
68258
68259
68268
68272
68278
68287
68317
68330
68353
68359
68362
68371
68388
68419
68430
6844
68440
68441
68457
68464
68466
68467
68468
68473
68474
6848
6849
68493
68498
68516
68517
68528
68547
6857
68570
68573
68575
68585
68600
68629
68632
68645
68666
68667
68675
68678
6869
68691
68703
68714
6873
6875
68751
68753
68778
68779
68786
68795
68796
68819
68832
6885
68855
68863
68870
68873
68881
6892
68944
68945
68952
68955
68967
68971
69013
69015
69016
69024
6904
69047
69051
69064
69083
69096
69100
69103
69105
69108
69109
69121
69123
69135
69142
69177
69179
69183
69201
69203
69211
6922
69220
69241
69243
69246
6926
69264
69267
69296
69306
69321
69328
69332
69346
69357
69366
69373
69379
69394
69395
69413
6942
69424
69425
69435
69444
69452
69459
6947
69474
69482
69483
69490
695
69513
69518
69520
69524
69525
69539
69544
69553
69556
69559
69570
69571
6958
69587
69588
69591
69593
69609
69612
69618
69620
6963
69666
6967
69681
69685
69687
69700
69702
69725
69728
69747
69758
69763
69770
69776
69780
69786
69812
69828
69838
6985
69857
6987
69886
69895
69899
69901
69908
69921
69924
69928
69932
69951
69972
6998
7000
70001
70012
70025
70027
70039
70050
70064
70093
701
70100
70113
70115
70116
70117
70120
70121
70131
70140
70142
70156
70168
70177
7018
70182
70201
70202
70215
70218
70223
70229
70249
70270
70278
70288
70306
70319
70355
70360
70386
70393
70400
70403
70421
70439
70440
70468
7047
70484
70489
70490
70501
70524
70539
70599
70601
7061
70637
70650
70705
70707
70719
70722
7073
70733
70734
7075
70751
70758
70767
70770
70780
70814
70815
70827
70836
70845
70846
70850
70857
70858
7087
70873
70876
70896
70902
70914
7092
70922
70925
70961
70970
70979
71001
71005
71011
71017
71022
7103
71047
71048
71049
71067
71088
71121
71132
71133
71155
71161
71174
71175
71180
71183
71208
71242
71244
71249
71251
71284
71290
71297
71335
71409
71422
71437
7144
71449
71488
71516
71525
71529
71532
71534
71537
71550
71560
71561
71563
71579
71582
71586
71595
71597
71616
71626
71634
71639
71659
71733
71737
71745
71751
71753
71754
7177
71775
71783
71794
71807
71821
71839
71844
71847
7186
71860
71864
71876
71885
71916
7192
71927
7193
71932
71937
71957
71967
7197
7198
71981
71982
71987
71994
72014
72017
72018
72034
72036
72058
7206
72069
72070
72075
72078
72089
72105
72108
72110
72116
72147
72174
72183
7219
72193
72238
72246
72252
72256
72278
72284
723
72305
72311
72324
72332
72345
72346
72352
72358
72365
72369
72374
72383
72387
72393
72419
72425
72446
72451
72454
72458
72461
72469
72478
7248
72488
7249
72500
72512
72516
72517
72550
72604
72631
72632
72633
72637
72644
72645
72658
72663
72671
7268
72680
72688
72694
72702
72712
72718
7272
72722
7273
72737
72750
72765
72771
72805
72809
72811
72812
72835
72848
7286
72873
72874
72880
72883
72895
72905
72910
72926
7295
72960
72975
72994
73
73013
73019
73022
73069
73089
73106
73110
73114
73118
73124
73145
73154
73157
7316
73162
73163
73196
73202
73224
73241
73243
73250
73268
73277
73301
73302
7331
73314
73317
73325
73334
73342
73347
73379
73380
73390
73393
73394
7341
73416
7343
73440
73453
73456
73457
73464
73473
73489
73507
73523
73526
73550
73557
73558
73559
73576
73587
73663
73682
73700
73724
73730
73731
7374
73743
73754
73758
73774
73776
73791
73792
73795
73798
73802
73803
73804
73812
73820
73829
73838
73853
73861
73866
73884
73887
73888
73896
739
73928
73929
73933
73939
73945
73956
73970
73993
74020
74022
74030
74044
74070
74092
74120
74122
74125
7414
74140
74148
74160
74162
74163
74171
74189
74195
74218
74240
74243
74246
74252
74267
74274
74290
743
74312
74315
74328
7433
74340
74380
74385
74400
74406
74412
74418
74420
74428
74434
74435
74437
74446
74450
74457
7447
74480
74516
74518
74524
74528
74535
74550
74553
74564
74599
74602
74631
74638
74646
74650
74651
74656
74668
74683
74722
74726
74731
74738
7478
74788
74791
74792
7480
74806
74811
74818
74821
7483
74841
74852
74857
74858
74868
74872
74908
74925
74933
74998
75000
75023
75035
7504
75045
75052
75054
75067
75079
75087
75103
7511
75147
75159
75170
75179
7520
75226
75227
75269
75272
75280
75282
75308
75322
75339
75349
75396
75411
75441
75446
75451
75458
75462
75472
75477
75493
75494
755
7550
75506
75515
75544
75545
75546
75547
7556
75564
75590
75595
75600
75607
75615
75621
75624
75632
75635
75636
75642
75648
75658
75670
75703
75709
75711
75714
75734
75763
75764
75808
75830
75833
75863
75868
75881
75883
75886
75900
7591
75916
7593
75951
75952
75954
75973
7600
76008
76010
76040
76048
76075
76076
76091
76094
76100
76107
76121
76122
76123
76132
76157
76162
76174
76197
76208
76219
7622
76228
76231
76241
76262
76266
76286
76290
76320
76329
76351
7636
76363
76373
76382
76399
76422
76434
76439
76443
76464
76468
76474
76492
76507
76521
76526
76533
76552
76568
76608
76611
76619
76626
76637
76675
76677
76690
76697
767
76713
76714
76734
76737
7675
76758
76771
76779
7678
76840
76841
76858
76867
76900
76921
76966
76967
76968
76975
76976
77009
77024
77025
77030
77035
77036
77037
77050
77052
77056
77147
77151
77156
7716
77175
77176
77179
7718
77187
77188
77193
77221
77239
77257
77266
77270
77276
77280
77292
77303
7731
77336
77340
77343
77344
77352
77358
7736
77373
77384
77422
77424
77439
77457
77475
77495
77496
77501
77506
77520
77533
77537
77551
77556
7757
7758
77583
77589
77598
77600
77607
77627
77634
77677
77686
77690
77713
77731
77771
77791
77793
77794
77795
77800
77839
77841
77861
77868
77876
77883
7790
77913
77956
77983
77987
77988
78015
78021
78056
78061
7807
78082
78103
7811
78115
7816
78170
78171
78194
78197
78226
78233
78306
78307
78321
78323
78334
78349
78350
78353
78355
78362
78363
78365
78384
78394
78430
78431
78441
78444
78451
78456
78471
78474
78492
78501
78507
78534
78543
78544
78552
78565
7857
78573
78585
78589
7859
78590
78591
78593
7860
78604
78624
78631
78637
78664
78667
78678
78689
78691
78692
78696
78706
78731
78744
78753
78754
78757
78766
7877
78779
78788
7879
78792
78811
78816
78818
78825
78829
78838
78851
78875
7888
7889
78923
78924
78943
78961
78974
78990
79023
79027
79029
79036
79041
79046
79058
79062
79064
79069
79082
79087
79092
791
79115
79125
79126
79137
7915
79153
79157
79220
79238
79243
7926
79273
79294
79332
79334
79356
79361
79368
79369
79370
79381
79386
79408
79414
79416
79428
79441
79444
79447
79464
79487
79495
79514
79525
79528
79532
79543
7955
79556
79559
79569
79572
79579
7958
79592
79595
79596
79611
79612
79616
79635
79639
79643
79656
79667
79681
79686
79688
79694
79710
79753
79756
79791
79794
79816
79843
79848
79861
79891
79900
79904
79907
79910
79919
79920
79924
79937
79969
79980
79981
80
80003
80009
8002
80020
80022
80026
80045
8005
80058
80064
80114
80117
8012
80124
80152
80156
80166
8018
80188
802
80215
80216
8022
80227
80235
80239
8024
80245
80246
80265
80276
80279
80285
80289
80308
80309
80337
80340
80390
80393
80394
80397
80416
80438
80439
80450
80453
80462
80463
80466
80471
80484
80494
80521
80525
80548
80565
80568
80573
80581
80591
80622
80625
80631
80639
8065
80675
80682
80690
80692
80709
8072
80727
80736
80738
80758
8076
80761
80765
80766
80772
80773
80794
80795
8082
80824
80835
80840
80841
80844
80850
80877
80891
80895
8090
80906
80910
80911
80914
80925
80927
80946
8097
8098
80991
80998
8100
81000
81012
81034
81046
81063
81078
81094
81104
81111
81122
81128
81138
81142
81148
81160
81164
81167
81169
8117
81174
81175
8121
81220
81223
81243
81264
81292
813
81302
81306
81310
81311
81312
81335
81336
81350
81385
81390
81392
81400
81412
81413
81417
81422
8143
81434
81447
81456
81474
81478
81489
81493
81514
81515
81523
81534
81573
81576
81589
81593
81595
81597
81601
81605
81617
81618
8163
81670
81671
81674
81681
81686
8169
81701
81726
81731
81733
81742
81751
81768
81780
81788
81808
81817
81863
81875
81877
81884
81888
819
8191
81917
8194
81949
81965
8198
81980
81983
82002
82023
82030
82059
82079
8208
82082
82088
82094
82133
82136
8216
82195
822
8221
82216
82220
82229
82236
82245
82246
8225
8226
82263
82264
82283
82294
82298
82300
82318
82324
82331
82379
82390
82392
82399
824
82401
8241
82411
82412
82416
82423
82439
82441
82459
82460
82461
82469
8247
8248
82487
82500
82503
82505
82506
82508
82510
82520
82524
82532
82571
82580
82600
82608
8261
82618
82619
8262
82625
82657
82659
8266
82663
82672
82675
82699
82707
82720
82726
82727
82739
82748
8277
82774
82778
82785
82789
82791
82793
82802
82803
82841
82861
82871
82881
82895
82896
82907
82908
8292
82925
82949
82980
82986
82998
83030
83041
83050
83052
83072
83078
83081
83113
83118
83133
83146
83153
83167
83172
83173
83174
83192
83194
83195
8320
83202
83207
83208
83237
83257
83270
8328
83280
83300
83301
83344
83347
8335
83351
83362
83372
83396
834
83407
8342
83422
8344
83469
83476
83484
83495
83501
83503
83504
83509
83515
83518
83525
83528
83539
8355
83558
83572
83589
83599
8362
83628
83630
83632
83638
83650
83690
83692
8371
83718
83721
83743
8375
83751
83764
83777
83786
83796
83801
83816
83818
83828
83857
83878
83879
8388
83888
83895
83899
83903
83908
83918
83919
83925
83927
83944
83951
83962
83964
83987
83991
84001
84003
84055
84076
84078
84082
84119
84126
84128
84138
84156
8417
84175
84180
84181
84183
84184
84192
84195
84200
8421
84225
84241
84245
84249
84254
84264
84269
84280
84282
84284
84287
84289
84293
84294
84304
84314
84317
84332
84346
8435
84351
84360
84371
84374
84386
84423
84434
84438
84459
84460
84465
8447
84476
84478
84494
84496
84497
8451
84533
84565
84574
84576
8458
84581
84586
84587
84588
84591
84593
84604
84617
84623
84626
8463
84634
84649
84650
84655
8466
84664
84669
84673
84701
84711
84724
84729
84746
84783
84792
84806
84811
84820
84822
84834
84844
84859
84860
84864
84916
84932
8495
84957
84961
85009
85022
85024
85026
85037
85040
8505
85054
85061
85076
85082
85115
85119
85130
85135
85145
85177
85189
85191
85195
85211
85216
85277
85278
85282
85284
85295
85300
85323
85331
85335
85343
85351
85377
85420
85429
85436
85446
85447
85462
85475
85481
85490
85501
85519
8553
85532
85535
85558
8557
8558
85617
85624
85636
85653
85655
85669
85685
85708
85771
85773
85781
85793
85800
85807
85822
85844
85862
85865
85879
85881
85902
85905
85915
85916
85922
8594
85953
85955
85992
86003
86019
86042
86048
86056
86066
86072
86090
86091
86094
86115
86122
86131
8614
86161
86179
86184
86198
86217
86245
86247
8629
86293
86318
86326
86335
86340
86345
86358
86368
86375
86402
8641
86414
86416
86417
8642
86424
8644
86461
86462
86466
86475
86481
86483
86488
86496
86532
86537
86540
86543
86563
86564
86571
86579
86590
86593
86608
8661
86612
86621
86629
86658
8666
86665
86693
86703
86708
86716
86719
86732
86757
86758
86761
86763
86771
86793
86797
86812
86813
86814
86836
86842
86854
86856
86858
86862
8687
86875
86907
86941
86942
86946
86958
8697
86986
87012
87018
87048
8705
87067
87068
87072
87091
87110
87115
8714
87155
87156
87173
87177
87212
87215
87223
87224
87231
87241
87262
87275
87281
87288
87294
873
87326
87328
87338
8734
87349
87352
87356
87379
8739
87396
87408
87412
87441
87444
87461
87474
87495
87513
87517
87538
87542
87554
87590
87619
87624
87628
87629
87632
87646
87672
87676
87685
87691
87695
87701
87714
87749
87793
87796
87797
87799
87800
8783
87845
87847
87848
87851
8786
87862
87876
87877
87884
87890
87919
87924
87927
87928
8793
87934
8794
87953
87959
8796
87963
87970
87974
87996
88008
88011
88015
88023
88025
88027
8805
88057
8806
88061
88063
88078
88086
8811
88113
88118
88140
88165
88170
88184
88185
88188
8820
88209
88211
88267
88313
88320
88333
8834
88350
8836
88367
88418
88439
88449
88472
88473
88482
88500
88504
88545
88546
88564
88569
8857
88576
88584
88586
88598
88601
88612
88615
88619
88639
88644
88663
88672
88689
88690
88695
88700
88713
88720
88725
88732
88733
88759
88771
88781
88783
88797
88825
88838
88842
88853
88868
88873
88886
88906
88914
88935
88937
8894
88940
8898
88999
89003
8901
89023
89031
89047
89049
89064
89071
89086
891
89110
89117
8912
89122
89135
89136
89137
89145
89171
89174
89176
89195
89199
89213
89215
89239
89257
89258
89278
89300
89304
8931
89318
89320
89338
89349
89359
8936
89364
89367
89392
8940
89421
89437
8944
89453
8947
89486
89526
89527
89545
89550
8957
89570
89595
89598
8961
89623
89637
89666
89674
8970
89739
89747
89758
89759
89771
89775
89780
89787
89793
89802
89812
89813
89828
89841
89845
8985
89860
89862
89882
89890
89932
89950
89951
8998
89987
89995
90002
90013
90024
90028
90037
9005
90057
90060
90080
90092
90103
90111
90126
9016
90161
90180
90192
90198
90209
90210
90225
90227
90232
90243
90261
90280
90300
90311
90326
90359
90374
90375
90377
90380
90389
90407
90411
90420
90422
90424
90426
90428
90444
90459
90475
90493
90494
90495
90501
90506
9051
90521
90526
90536
90538
90551
90580
90591
90621
90630
90633
90638
90648
90670
90677
90683
90717
90723
90732
90773
90782
90792
90853
90872
90889
90892
90919
90921
90940
90960
90968
90971
90976
90978
90985
90989
90990
91025
91027
91036
91042
91045
91049
91051
91058
9106
91061
91075
91079
91081
91084
91093
91100
91124
91141
91179
91183
91200
91207
91213
91214
91215
91216
91219
91233
91248
91261
91266
91268
91276
91281
91311
91322
91336
91354
91371
91397
91399
91400
91424
91426
91437
9144
91451
91465
91491
9150
91508
91514
91515
91516
91522
91531
91532
91534
91552
91556
91559
9156
9157
91574
91584
91589
91600
91601
9161
91618
91620
91634
91649
91677
91683
91702
91704
91711
91712
91713
91715
91724
91739
91767
91792
9180
91809
91814
91827
91832
91845
91860
91867
91876
91884
91888
91902
91926
9193
91939
91943
91952
91961
91966
91979
91985
92
920
92005
92027
92040
92052
92054
92064
92070
92083
9209
92093
92103
92113
92134
92145
92151
92152
92170
92181
92187
9221
9223
92248
92253
92260
92271
92289
92306
9231
92316
92318
9233
92338
92360
92367
92382
92399
92409
92419
9242
92425
92429
92435
92456
92458
92469
92478
92480
92486
92492
92514
92518
92523
92536
92549
92572
92596
9264
92673
92700
92707
92709
92730
92732
92737
92761
92766
92769
92774
92777
92790
92797
9280
92801
92807
92822
92851
92852
92853
92868
92908
92911
92914
92945
9296
92987
93008
93012
93014
93016
93026
93033
93043
93045
93051
93056
93058
93059
93065
93072
93077
93078
93103
93111
9312
93127
93140
93168
93189
93194
93203
93224
93227
93241
93251
93256
93260
93262
93265
93271
93332
93334
93354
93356
93357
93382
93387
93416
93417
93422
93443
93454
93457
93463
9347
93481
93487
93491
93504
93521
93522
93525
93536
9356
93566
93568
93578
93599
9360
93610
93629
93641
93653
9368
93681
9370
93709
93717
93742
93743
93747
93752
9376
93776
93780
93783
93788
93790
93802
93806
93815
93818
93823
93824
9383
93851
93857
9387
93873
93877
93879
93888
93893
9390
93906
93935
93956
9397
93976
93981
93982
93997
9401
94015
94028
94031
94034
94043
94046
94047
94054
94058
94063
94082
941
94108
94127
94128
94144
94154
94159
94187
94200
94206
9422
9424
94240
94244
94246
94248
94249
94279
94287
94297
94298
94304
94305
94307
94327
94341
94361
94411
9444
94440
94455
94465
9447
94478
94481
94501
94537
94553
94571
94575
94589
94598
94603
94604
94605
94607
94611
94615
94617
94620
94628
94629
94649
94650
94652
94665
94671
94676
94686
94691
94704
94770
94771
94777
94799
94811
94825
94826
94833
94853
94874
94885
94893
94898
949
94901
94910
94932
94935
94942
94958
94966
94967
94973
94990
9500
95018
95021
95025
95039
95041
95055
95056
95058
95064
95067
95121
9513
95132
95134
95135
95151
95153
95172
95189
952
95201
95231
95239
95263
95271
95296
95303
95313
95329
9536
95367
95377
95386
95393
95396
95440
95446
95448
95470
95482
95500
95517
95541
95551
95554
95561
95564
95566
95568
95573
95574
95581
95588
95593
95594
95609
95616
95635
95658
95671
95689
95709
9571
95711
95714
9574
95766
95775
95780
95796
95797
958
95808
95833
95843
95854
95865
95896
95908
96001
96002
96007
96011
96014
96022
96050
96051
96053
96055
96062
96069
9608
96080
96081
96101
96103
96124
96132
96142
96148
96153
96166
96170
96171
96175
96180
96188
96212
96223
96224
96272
96274
96275
96283
96295
96303
96314
96327
9633
96331
96334
96342
96351
96382
96421
96434
96437
96439
96461
9647
96478
9649
96494
96501
96516
9652
96520
96525
96529
96538
96566
96578
96587
96612
96615
9662
96653
96667
96675
96676
96688
967
96725
96726
96753
96754
96770
96793
96799
96802
96811
96838
96855
96859
96878
96886
96895
9695
96950
96962
96971
96973
97015
97016
97021
97025
97030
9704
97055
97058
97074
9708
97083
97090
97102
97107
97120
97150
97156
97157
97160
97173
97185
97188
97194
97200
97222
97233
97254
97284
97290
97306
97323
97335
97336
97349
97352
97355
97378
97383
97385
97401
97409
97426
97459
97462
97468
9748
97496
97518
97519
97536
97540
97549
97552
97597
97605
97607
97613
97620
97628
97653
97658
97660
97662
97667
97673
97707
97727
9773
97737
97756
97757
97773
97776
97779
97811
97837
97842
97847
97848
97853
97874
97888
97889
97903
97925
97932
97939
97953
9797
97975
98011
98014
98018
98061
98088
98092
98109
98112
98114
98115
98125
98151
98157
9816
9817
98173
98180
98193
98202
98209
9821
98227
98228
98229
9823
98237
98246
9829
98329
98348
98368
98384
98433
98439
98447
98489
98494
98501
98509
9852
98530
98532
9854
98543
98551
9858
98585
98598
98604
98615
98619
98622
98640
98646
98677
98686
9870
98708
98718
98728
9873
98753
98763
98782
98785
98790
98791
98793
98811
98846
98859
98876
9888
98882
98887
992
9935
9947
9948
9967
9974
9978
9990
9994
